init_date,em_d01,em_d02,em_d03,em_d04,em_d05,em_d06,em_d07,em_d08,em_d09,em_d10,em_d11,em_d12,em_d13,em_d14,em_d15,es_d01,es_d02,es_d03,es_d04,es_d05,es_d06,es_d07,es_d08,es_d09,es_d10,es_d11,es_d12,es_d13,es_d14,es_d15,hres_d01,hres_d02,hres_d03,hres_d04,hres_d05,hres_d06,hres_d07,hres_d08,hres_d09,hres_d10,hres_d11,hres_d12,hres_d13,hres_d14,hres_d15
2026-07-17,248,241,215,221,220,183,185,202,213,212,217,218,223,227,230,9,10,8,20,21,19,17,22,25,35,39,38,34,31,33,253,243,218,232,226,168,180,208,228,247,,,,,
2026-07-14,284,288,265,256,252,239,236,211,189,192,198,205,208,209,214,8,10,16,19,25,28,24,28,25,26,25,26,30,34,32,284,290,265,249,261,228,228,184,165,168,,,,,
2026-07-15,284,258,257,248,224,230,218,191,192,206,217,224,223,213,207,7,9,16,19,14,23,27,26,19,19,26,31,38,32,28,286,264,255,251,230,248,214,180,199,218,,,,,
2026-07-16,248,252,246,226,234,220,195,197,212,220,222,218,211,211,217,7,14,12,8,18,24,24,21,23,29,29,33,33,35,32,249,245,240,224,226,232,189,187,216,237,,,,,
2026-07-18,232,204,216,212,177,183,211,222,230,231,223,221,225,230,236,8,7,12,17,13,16,20,24,32,36,32,32,32,32,32,230,199,217,204,167,185,221,234,249,271,,,,,
2026-07-19,196,209,211,171,180,212,224,235,234,227,228,227,230,233,235,5,10,11,11,10,14,18,32,38,38,34,31,33,34,34,197,203,202,168,180,213,219,238,275,242,,,,,
2026-07-20,198,207,164,173,199,219,237,220,201,197,212,226,232,231,231,11,8,7,9,11,11,22,36,32,34,31,30,29,31,32,194,206,162,161,189,204,231,192,158,158,,,,,
2026-07-21,196,163,181,202,216,236,220,215,219,219,217,208,212,219,222,7,6,9,11,9,20,33,35,32,30,31,33,33,36,40,193,161,178,199,217,253,267,259,197,188,,,,,
2026-07-22,159,174,193,209,239,243,230,218,220,213,197,198,209,218,215,5,6,7,10,15,27,27,24,24,28,29,32,36,38,38,157,172,194,208,243,235,220,201,214,225,,,,,
2026-07-23,174,188,210,242,246,228,208,216,219,209,205,214,228,231,221,5,7,9,14,25,25,27,26,28,28,32,35,39,40,36,173,187,208,249,252,224,196,212,227,202,,,,,
2026-07-24,187,209,243,251,230,219,230,231,215,206,211,221,222,213,210,6,7,14,20,15,20,24,22,22,26,27,32,34,38,40,188,212,236,243,208,202,233,221,213,187,,,,,
2026-07-25,200,235,235,211,190,203,218,227,221,228,241,234,221,218,218,7,10,18,14,16,18,23,20,23,24,26,31,35,33,33,203,237,243,204,181,200,217,225,231,236,,,,,
2026-07-26,234,227,216,203,215,223,221,219,224,234,232,223,220,225,228,5,16,11,11,12,18,19,20,23,24,26,32,37,40,40,234,237,223,215,226,229,221,223,222,233,,,,,
2026-07-27,231,208,198,210,220,220,221,221,232,234,212,209,215,215,213,15,8,7,9,16,18,17,24,24,20,28,30,35,38,36,226,205,192,209,217,202,216,224,232,232,,,,,
2026-07-28,208,200,218,228,217,217,219,232,236,230,229,224,218,218,218,6,6,9,16,16,14,18,18,18,28,31,37,39,38,37,208,199,219,230,202,211,213,218,222,206,,,,,
2026-07-29,202,225,229,211,217,217,226,230,221,221,229,223,213,207,209,7,9,14,16,12,16,18,22,25,29,28,29,31,32,31,199,225,223,196,211,217,217,223,220,223,,,,,
2026-07-30,230,238,207,208,204,214,225,218,226,228,218,211,212,213,209,7,12,15,12,17,19,18,24,31,27,27,26,31,34,32,230,241,204,206,198,203,211,212,227,228,,,,,
2026-07-31,226,197,206,204,207,215,204,204,216,221,213,200,200,201,206,9,9,10,12,16,14,17,20,23,25,21,23,26,32,36,228,193,206,202,196,203,204,199,220,247,,,,,
2026-08-01,196,210,203,207,211,205,213,225,218,210,209,208,203,199,196,9,8,10,12,15,17,16,21,27,26,24,29,32,30,30,191,208,195,205,199,203,200,231,206,202,,,,,
2026-08-02,206,195,207,211,199,209,219,226,220,214,208,206,201,198,202,5,6,8,15,16,13,16,27,30,35,26,27,24,29,31,207,196,208,206,197,206,225,223,232,247,,,,,
2026-08-03,197,217,215,202,212,226,233,235,225,212,202,204,202,197,200,6,6,12,15,11,13,20,27,31,29,30,31,28,28,30,198,217,216,212,219,227,249,280,269,196,,,,,
2026-08-04,218,210,206,214,213,214,209,199,190,183,188,193,196,197,199,6,8,12,11,12,15,24,21,21,22,24,26,25,28,31,218,207,206,222,219,214,202,187,178,157,,,,,
2026-08-05,206,208,209,210,211,208,205,197,192,184,182,191,191,188,187,8,9,10,9,12,18,16,15,21,23,24,26,29,29,29,210,214,211,205,212,214,202,211,214,214,,,,,
2026-08-06,212,223,217,216,215,211,200,195,186,185,191,189,186,186,188,7,10,8,11,17,15,16,19,25,25,26,27,28,33,34,212,229,211,218,203,213,208,201,172,156,,,,,
2026-08-07,228,217,211,214,212,205,198,188,184,183,185,191,200,206,203,7,9,13,16,17,16,19,25,28,26,23,21,24,27,33,228,209,213,211,224,214,215,225,239,184,,,,,
2026-08-08,218,207,218,215,212,207,190,185,189,198,202,202,198,195,193,7,13,14,16,15,18,24,25,24,21,21,25,28,32,31,225,207,208,222,210,223,215,235,206,180,,,,,
2026-08-09,206,216,209,208,200,192,197,199,202,201,209,210,214,210,206,9,8,14,13,14,16,23,22,20,22,26,25,29,33,36,203,212,213,214,202,206,227,229,214,204,,,,,
2026-08-10,216,206,209,213,203,194,201,198,198,212,220,215,211,205,201,8,14,10,15,17,26,20,19,17,22,30,36,42,41,40,220,207,214,220,223,199,205,179,188,212,,,,,
2026-08-11,217,218,214,214,203,217,205,200,211,211,210,202,192,188,190,8,11,15,17,23,19,15,16,22,33,38,38,35,32,33,218,223,219,227,222,219,204,204,208,227,,,,,
2026-08-12,216,209,224,223,225,211,204,206,204,202,197,193,189,188,189,9,12,12,18,17,15,15,21,29,38,34,32,33,32,36,211,216,229,228,222,199,190,206,249,266,,,,,
2026-08-13,209,223,212,220,208,202,205,189,185,195,197,193,193,193,193,9,12,21,16,13,14,17,31,32,33,33,31,30,31,33,210,225,219,226,206,203,213,186,191,225,,,,,
2026-08-14,224,214,225,199,205,201,183,182,192,198,199,202,199,195,190,8,19,11,10,10,16,22,27,24,23,25,30,33,31,30,222,208,225,196,209,195,166,156,167,192,,,,,
2026-08-15,225,230,202,206,192,172,176,190,194,204,211,209,201,200,199,9,10,8,11,15,16,20,22,21,25,28,30,32,35,37,223,231,201,209,189,180,185,190,182,190,,,,,
2026-08-16,234,204,210,192,179,186,189,177,181,193,202,197,199,200,197,7,7,11,13,13,18,21,22,27,28,29,31,34,30,32,237,207,210,189,176,184,199,184,192,191,,,,,
2026-08-17,198,204,190,183,191,185,168,166,180,194,195,193,192,193,192,7,9,11,11,20,14,18,23,24,23,24,28,35,33,31,197,206,192,182,180,196,187,198,194,224,,,,,
2026-08-18,204,189,183,190,189,174,171,183,193,196,194,194,194,194,197,9,9,10,15,13,13,20,20,22,23,26,27,28,33,35,205,187,178,196,193,175,165,202,204,190,,,,,
2026-08-19,190,185,195,193,171,164,180,197,197,193,195,203,202,200,205,6,7,12,12,12,15,21,20,21,27,32,35,40,42,46,191,186,198,198,169,158,180,202,194,171,,,,,
2026-08-20,185,199,185,167,152,167,193,186,172,168,169,171,174,175,181,7,11,10,8,11,12,18,23,25,28,31,33,36,36,37,183,195,184,169,143,161,197,177,165,152,,,,,
2026-08-21,199,187,162,152,165,195,201,196,200,203,205,196,189,185,185,10,9,8,9,12,16,20,25,28,32,29,27,28,30,33,194,183,159,150,169,196,200,191,193,190,,,,,
2026-08-22,185,161,155,172,189,196,187,186,193,196,188,181,182,188,194,9,7,9,9,17,15,17,22,27,25,28,32,32,33,31,191,163,155,174,196,200,180,171,186,188,,,,,
2026-08-23,159,155,178,196,196,178,182,202,209,195,177,168,171,180,183,5,6,8,13,9,15,20,24,23,24,29,32,35,37,38,160,155,180,192,198,190,197,207,217,182,,,,,
2026-08-24,163,181,197,193,177,186,212,231,225,212,208,206,203,200,192,6,7,12,8,13,16,21,23,28,35,35,35,35,37,37,161,181,191,188,172,183,208,205,227,212,,,,,
2026-08-25,179,192,192,177,182,208,223,222,210,202,200,200,194,182,175,7,10,7,10,15,20,19,25,32,30,31,31,32,30,30,180,194,189,176,188,206,234,218,205,229,,,,,
2026-08-26,187,189,172,189,214,229,232,225,220,219,212,201,189,187,182,7,5,9,12,17,18,22,25,26,27,29,32,37,41,38,184,188,171,190,209,223,239,220,217,245,,,,,
2026-08-27,192,176,195,219,232,235,220,214,216,214,211,211,205,202,198,5,7,13,17,18,16,21,22,28,32,34,37,40,46,42,192,174,202,220,234,223,221,230,216,196,,,,,
2026-08-28,179,203,215,236,239,230,215,213,213,211,201,189,189,187,179,8,10,17,14,16,18,25,27,28,30,28,33,35,35,38,184,206,211,237,230,228,205,201,197,231,,,,,
2026-08-29,199,214,232,242,234,220,212,210,207,200,199,201,203,196,182,10,13,13,13,20,27,25,28,28,31,34,33,34,38,39,204,211,232,240,239,216,209,200,214,231,,,,,
2026-08-30,204,230,241,228,216,216,208,197,192,195,202,192,181,176,177,7,7,11,18,21,20,22,20,23,30,33,40,42,44,46,205,230,246,239,215,219,209,187,189,200,,,,,
2026-08-31,230,239,232,215,217,208,197,198,193,192,187,161,160,164,166,4,12,14,15,17,19,18,21,32,38,38,37,42,43,42,230,242,241,226,218,209,184,183,213,192,,,,,
2026-09-01,242,241,222,216,212,200,191,178,194,190,168,165,165,165,162,9,11,13,15,13,16,25,37,41,38,39,40,42,39,39,240,241,225,219,208,202,201,209,245,251,,,,,
2026-09-02,240,222,221,209,198,205,205,216,194,175,177,180,188,181,167,11,11,12,12,13,17,29,39,35,36,42,40,40,43,41,242,220,222,210,187,197,219,240,198,187,,,,,
2026-09-03,220,227,214,192,194,199,222,199,164,165,181,182,179,171,166,9,8,11,11,10,21,22,28,32,37,37,42,45,39,46,228,223,216,194,200,198,242,207,142,132,,,,,
2026-09-04,219,207,183,190,201,226,188,167,180,191,188,184,172,166,164,9,11,7,7,18,16,20,29,32,40,47,46,46,46,45,223,211,184,190,208,236,170,137,175,215,,,,,
2026-09-05,204,180,183,199,225,180,167,179,168,151,141,143,151,146,144,6,6,6,9,13,18,28,32,32,39,39,36,40,40,41,204,180,185,195,227,177,151,196,142,132,,,,,
2026-09-06,180,181,195,216,170,164,189,182,167,161,156,151,150,140,138,4,5,9,9,11,19,20,38,47,43,35,31,34,41,43,182,182,200,217,162,157,189,211,239,181,,,,,
2026-09-07,184,193,209,172,165,189,186,177,172,151,142,133,132,123,120,4,11,10,6,12,17,31,45,42,30,26,28,38,34,39,185,197,205,171,164,188,164,154,172,135,,,,,
2026-09-08,194,210,176,164,193,182,174,181,153,153,144,133,129,126,128,8,8,6,9,16,27,43,33,23,30,35,42,38,38,41,196,214,177,160,203,170,149,183,159,154,,,,,
2026-09-09,211,176,166,189,177,190,193,152,166,164,139,125,127,129,137,5,5,8,10,19,37,28,20,31,42,44,37,34,35,31,213,177,164,189,186,220,181,139,163,186,,,,,
2026-09-10,175,166,191,165,149,182,158,155,138,127,129,136,142,146,151,5,6,11,17,24,34,20,26,28,30,32,33,35,35,34,174,163,195,155,141,188,162,146,138,135,,,,,
2026-09-11,160,197,161,141,182,171,161,148,142,128,121,131,141,146,147,5,7,13,14,30,21,30,28,30,26,27,27,30,35,35,159,199,163,134,189,186,157,145,161,128,,,,,
2026-09-12,195,155,136,183,179,174,157,146,132,125,134,143,151,155,155,6,11,7,17,21,29,31,31,29,31,31,31,31,30,30,197,161,135,190,182,162,167,190,143,99,,,,,
2026-09-13,153,135,180,162,179,161,155,156,152,148,149,154,160,164,158,8,6,14,13,25,31,33,33,34,31,27,27,28,32,32,152,135,186,161,161,156,138,172,188,186,,,,,
2026-09-14,132,174,163,177,165,173,172,156,144,143,148,152,154,153,147,5,11,11,15,23,35,31,36,31,28,25,22,29,35,37,132,175,171,175,163,178,191,155,116,110,,,,,
2026-09-15,169,159,168,151,147,163,154,144,144,153,157,158,158,157,149,7,9,11,12,22,24,22,24,23,26,28,26,29,32,37,176,161,173,155,154,151,163,162,164,161,,,,,
2026-09-16,166,170,153,142,152,144,142,150,153,157,158,159,156,153,149,7,8,11,15,14,17,22,27,27,29,26,33,37,40,44,164,167,158,130,148,150,147,154,181,198,,,,,
2026-09-17,160,151,134,153,132,122,130,137,138,134,134,138,143,145,144,10,9,13,12,15,15,20,23,22,23,29,32,34,38,37,147,149,128,155,134,116,133,134,143,135,,,,,
2026-09-18,150,138,155,126,112,121,129,131,135,138,139,145,146,148,147,7,11,9,13,14,18,18,20,20,24,27,29,31,37,40,154,141,157,136,105,120,137,131,129,136,,,,,
2026-09-19,138,157,117,112,124,133,136,133,139,141,138,135,132,131,131,8,7,9,11,15,15,18,16,19,22,29,32,36,39,37,134,157,122,116,133,156,157,148,141,148,,,,,
2026-09-20,160,124,116,123,128,130,130,136,142,147,143,133,140,142,135,5,7,8,12,12,17,14,16,21,27,28,33,40,39,41,162,128,118,120,123,123,118,122,129,145,,,,,
2026-09-21,121,114,122,125,127,125,134,146,151,154,148,146,150,146,136,6,6,8,9,13,10,16,20,21,30,32,31,36,41,45,121,115,121,124,127,122,124,137,150,148,,,,,
2026-09-22,111,123,130,132,127,134,148,153,155,150,150,150,143,124,124,5,5,8,10,6,12,20,25,25,33,38,39,37,36,36,110,124,129,129,127,130,138,154,169,177,,,,,
2026-09-23,124,130,135,129,137,142,153,160,146,134,131,125,115,111,107,4,3,7,6,8,11,15,24,33,33,32,30,35,35,41,124,131,135,130,137,130,156,169,129,85,,,,,
2026-09-24,135,137,129,139,146,154,166,159,144,142,125,107,107,117,109,3,9,6,9,10,9,22,32,34,33,31,28,33,33,38,134,133,126,134,142,149,169,164,139,126,,,,,
2026-09-25,137,128,140,148,152,168,171,156,158,134,100,98,103,101,105,7,5,7,8,10,20,25,38,40,34,30,29,32,35,36,136,127,137,147,152,160,172,130,126,135,,,,,
2026-09-26,121,140,148,153,166,168,140,124,116,101,101,109,110,113,119,4,5,6,8,15,23,27,30,27,25,31,32,35,38,38,122,139,151,155,177,182,151,106,98,101,,,,,
2026-09-27,135,150,153,168,169,128,113,117,106,112,120,111,106,106,100,5,5,6,15,17,26,25,23,28,31,31,33,40,41,42,136,152,154,167,168,118,95,118,139,131,,,,,
2026-09-28,146,148,165,168,122,111,112,95,97,112,112,111,111,108,100,4,4,9,11,18,25,21,24,27,27,36,39,38,37,40,149,148,172,163,126,99,116,88,109,133,,,,,
2026-09-29,145,165,173,129,100,111,97,92,122,122,115,109,104,100,112,4,9,11,17,13,17,22,26,29,33,38,45,46,42,39,146,171,177,124,95,118,89,80,132,122,,,,,
2026-10-03,93,118,91,93,139,117,113,121,141,123,96,82,91,92,83,4,7,10,13,13,16,24,37,43,47,48,43,42,35,33,92,118,87,88,145,110,135,133,164,129,,,,,
2026-10-04,118,92,98,140,117,112,129,161,146,110,102,102,98,93,85,5,7,11,13,15,21,28,28,39,44,42,41,43,40,37,114,91,100,140,110,121,161,164,117,87,,,,,
2026-10-05,96,107,151,114,103,129,165,151,128,109,108,115,97,85,83,6,7,12,11,19,30,28,36,41,43,43,41,36,38,35,97,107,156,115,109,157,192,184,169,180,,,,,
2026-10-06,106,145,115,112,161,184,166,132,99,94,98,92,84,91,93,4,8,9,12,20,20,34,45,43,38,35,28,33,32,35,108,145,113,113,175,187,161,165,123,123,,,,,
2026-10-07,152,115,117,172,177,150,88,70,82,89,81,77,85,94,92,7,6,9,12,19,27,25,22,25,28,30,35,34,35,33,153,114,119,179,156,158,84,69,62,48,,,,,
